0,0.01
1,0.10505647289389096
