target,moment
90.663631358,90.70497924842904
