target,moment
0.0168692,0.01684976263769663
