target,moment
5.0,4.96707575763803
