target,moment
5.0,4.988753673711956
