target,moment
0.0168692,0.016555838188902872
