target,moment
0.09277,0.09264088805661048
