target,moment
0.09277,0.07682699115054348
