target,moment
0.015629,0.015467837173829694
