target,moment
6.26,5.929118318048371
