target,moment
0.0168692,0.018688734272253323
