target,moment
0.0087725,0.00879093768474197
