target,moment
0.0047164777212821,0.00462975392714527
