target,moment
3.13,3.6129385836239627
