target,moment
0.0168692,0.016789713634082375
