target,moment
0.4,0.400105606817921
