target,moment
0.0168692,0.016740716233286615
