target,moment
0.78,0.28923229907722847
