target,moment
0.6786370529182437,0.666196784113506
