target,moment
0.000364713087,0.0003396376322552048
