target,moment
0.65,0.27722730583882
