target,moment
5.0,4.970188290962969
