target,moment
82.198645766003,82.21440236119629
