0,0.01
1,0.005374032412809491
