target,moment
0.015629,0.015725837120818254
