target,moment
0.265,0.280724071943231
