0,1.0
1,0.01652876796477196
