target,moment
0.4,0.424745308098892
