target,moment
0.5818702095245367,0.7367415425947509
