0,0.1
1,0.5920925050508603
