target,moment
0.0168692,0.017497659553732798
