target,moment
0.4,0.37115508147338994
