target,moment
5.0,5.003023195122891
