target,moment
90.663631358,90.73369149764628
