target,moment
0.4823745516961785,0.4863159499554134
0.1953823675925572,0.19758487837092492
