target,moment
0.0087725,0.00877250000028271
