target,moment
0.09277,0.14501441570686804
