target,moment
90.663631358,90.65747025520128
