0,1.0564324329949957
