target,moment
0.5823549874673715,0.689583906086571
