target,moment
0.265,0.266568691506006
