target,moment
0.5823549874673715,0.6894200825136233
