target,moment
0.4750989714792567,0.45231750456208736
