target,moment
0.015629,0.015553704184975817
