target,moment
0.5418056800884126,0.5771799314655772
