0,1.0526712849604203
