0,0.01580175906395555
