target,moment
0.4,0.4041613280638828
