0,1.0
1,0.06039566333832207
