0,1.2296493466998935
